-3.22e+03 & -880 & -1.43e+03 & -388 & -1.31e+03 & -1.55e+03 & -2.62e+03 & -1.21e+03 & -6.3e+03 & -5.76e+03 & -2.38e+04 & -2.36e+04 & -1.4e+03 & -664 & -682 & -674 & -583 \\ 
-880 & -880 & 0 & -10.1 & -404 & -421 & -686 & -332 & -1.72e+03 & -1.66e+03 & -6.61e+03 & -6.56e+03 & -390 & -164 & -189 & -212 & -170 \\ 
-1.43e+03 & 0 & -1.43e+03 & -165 & -560 & -676 & -1.19e+03 & -545 & -2.8e+03 & -2.55e+03 & -1.05e+04 & -1.04e+04 & -587 & -284 & -309 & -299 & -267 \\ 
-388 & -10.1 & -165 & -716 & -186 & -188 & -325 & -152 & -784 & -694 & -2.74e+03 & -2.72e+03 & 43.9 & -59.8 & -105 & -92.4 & -77.3 \\ 
-1.31e+03 & -404 & -560 & -186 & -1.31e+03 & -694 & -973 & -501 & -2.56e+03 & -2.59e+03 & -9.55e+03 & -9.59e+03 & -502 & -215 & -291 & -299 & -193 \\ 
-1.55e+03 & -421 & -676 & -188 & -694 & -806 & -1.23e+03 & -585 & -3.02e+03 & -2.84e+03 & -1.14e+04 & -1.14e+04 & -660 & -312 & -326 & -326 & -283 \\ 
-2.62e+03 & -686 & -1.19e+03 & -325 & -973 & -1.23e+03 & -2.22e+03 & -992 & -5.13e+03 & -4.62e+03 & -1.92e+04 & -1.91e+04 & -1.23e+03 & -545 & -551 & -540 & -477 \\ 
-1.21e+03 & -332 & -545 & -152 & -501 & -585 & -992 & -529 & -2.37e+03 & -2.17e+03 & -8.87e+03 & -8.8e+03 & -557 & -248 & -257 & -253 & -220 \\ 
-6.3e+03 & -1.72e+03 & -2.8e+03 & -784 & -2.56e+03 & -3.02e+03 & -5.13e+03 & -2.37e+03 & -1.25e+04 & -1.13e+04 & -4.65e+04 & -4.61e+04 & -2.72e+03 & -1.3e+03 & -1.33e+03 & -1.32e+03 & -1.13e+03 \\ 
-5.76e+03 & -1.66e+03 & -2.55e+03 & -694 & -2.59e+03 & -2.84e+03 & -4.62e+03 & -2.17e+03 & -1.13e+04 & -1.08e+04 & -4.26e+04 & -4.23e+04 & -2.42e+03 & -1.17e+03 & -1.22e+03 & -1.21e+03 & -1.03e+03 \\ 
-2.38e+04 & -6.61e+03 & -1.05e+04 & -2.74e+03 & -9.55e+03 & -1.14e+04 & -1.92e+04 & -8.87e+03 & -4.65e+04 & -4.26e+04 & -1.77e+05 & -1.75e+05 & -1.01e+04 & -4.91e+03 & -5.02e+03 & -4.97e+03 & -4.27e+03 \\ 
-2.36e+04 & -6.56e+03 & -1.04e+04 & -2.72e+03 & -9.59e+03 & -1.14e+04 & -1.91e+04 & -8.8e+03 & -4.61e+04 & -4.23e+04 & -1.75e+05 & -1.74e+05 & -9.98e+03 & -4.85e+03 & -4.98e+03 & -4.94e+03 & -4.25e+03 \\ 
-1.4e+03 & -390 & -587 & 43.9 & -502 & -660 & -1.23e+03 & -557 & -2.72e+03 & -2.42e+03 & -1.01e+04 & -9.98e+03 & -1.4e+03 & -293 & -307 & -306 & -268 \\ 
-664 & -164 & -284 & -59.8 & -215 & -312 & -545 & -248 & -1.3e+03 & -1.17e+03 & -4.91e+03 & -4.85e+03 & -293 & -664 & 0 & 0 & 0 \\ 
-682 & -189 & -309 & -105 & -291 & -326 & -551 & -257 & -1.33e+03 & -1.22e+03 & -5.02e+03 & -4.98e+03 & -307 & 0 & -682 & 0 & 0 \\ 
-674 & -212 & -299 & -92.4 & -299 & -326 & -540 & -253 & -1.32e+03 & -1.21e+03 & -4.97e+03 & -4.94e+03 & -306 & 0 & 0 & -674 & 0 \\ 
-583 & -170 & -267 & -77.3 & -193 & -283 & -477 & -220 & -1.13e+03 & -1.03e+03 & -4.27e+03 & -4.25e+03 & -268 & 0 & 0 & 0 & -583 \\ 
